Sciper = 288305
Worked with (list all): 299879 Tom Demont
###### Exercise 1
Q1_a1={}
Q1_b1={2, 3, 4, 5, 6, 7, 9, 11, 12, 13, 14, 15, 18, 19, 20}
Q1_a2={24, 25, 26, 27, 28, 29, 30, 31, 32, 33, 34, 35, 36, 37, 38, 39, 40, 41, 42, 43, 44, 45, 46, 47, 48, 49, 50, 51, 52, 53, 54, 55, 56, 57, 58, 59, 60, 61, 62, 63, 64, 65, 66, 67, 68, 69, 70}
Q1_b2={2, 3, 4, 5, 6, 7, 9, 11, 12, 13, 14, 15, 18, 19, 20, 23, 24, 25, 26, 27, 28, 29, 30, 31, 32, 33, 34, 35, 36, 37, 38, 39, 40, 41, 42, 43, 44, 45, 46, 47, 48, 49, 50, 51, 52, 53, 54, 55, 56, 57, 58, 59, 60, 61, 62, 63, 64, 65, 66, 67, 68, 69, 70}
Q1_a3={24, 25, 26, 27, 28, 29, 30, 31, 32, 33, 34, 35, 36, 37, 38, 39, 40, 41, 42, 43, 44, 45, 46, 47, 48, 49, 50, 51, 52, 53, 54, 55, 56, 57, 58, 59, 60, 61, 62, 63, 64, 65, 66, 67, 68, 69, 70}
Q1_b3={}
Q1_B=[32]
###### Exercise 2
Q2a_ct='00110101100100110100110011000100110100000010111010101101000000011001011100011000100010100000101100001000110101101000000110000111'
Q2b_pt2='codableinsipient'
Q2c_pt2='tophaceousrevert'
###### Exercise 3
Q3a_d='53e0c1c5b5cfbfa2b94bfa8ceeae229f4b17cb0353e50b9b6ebc6d34f878086d'
Q3b_K1=[2039350652, 114788218, 3502727220, 4276241800, 168065086, 2544142094, 265932013, 2716758306]
