Sciper = 299879
Worked with (list all): 288305 Manon Michel
###### Exercise 1
Q1_a1={}
Q1_b1={1, 3, 5, 7, 9, 11, 14, 16, 17, 18, 19, 20}
Q1_a2={22, 23, 24, 25, 26, 27, 28, 29, 30, 31, 32, 33, 34, 35, 36, 37, 38, 39, 40, 41, 42, 43, 44, 45, 46, 47, 48, 49, 50, 51, 52, 53, 54, 55, 56, 57, 58, 59, 60, 61, 62, 63, 64, 65, 66, 67, 68, 69, 70}
Q1_b2={1, 3, 5, 7, 9, 11, 14, 16, 17, 18, 19, 20, 22, 23, 24, 25, 26, 27, 28, 29, 30, 31, 32, 33, 34, 35, 36, 37, 38, 39, 40, 41, 42, 43, 44, 45, 46, 47, 48, 49, 50, 51, 52, 53, 54, 55, 56, 57, 58, 59, 60, 61, 62, 63, 64, 65, 66, 67, 68, 69, 70}
Q1_a3={22, 23, 24, 25, 26, 27, 28, 29, 30, 31, 32, 33, 34, 35, 36, 37, 38, 39, 40, 41, 42, 43, 44, 45, 46, 47, 48, 49, 50, 51, 52, 53, 54, 55, 56, 57, 58, 59, 60, 61, 62, 63, 64, 65, 66, 67, 68, 69, 70}
Q1_b3={}
Q1_B=[31]
###### Exercise 2
Q2a_ct='00111110100110000010011000011111100000000010100110101100000000101000001111000010001010011101011111101100010100000000111011101000'
Q2b_pt2='thievishlymuffin'
Q2c_pt2='bevelledscullery'
###### Exercise 3
Q3a_d='9daa416bfe8241565468cf90dc043b37990ee22acd68569851aa7e9b7dcea627'
Q3b_K1=[2593449878,957238634,3764295242,3223161263,435540614,603796397,2724912648,884172017]
